226
141
97
137
899
503
113
687
347
62
389
941
569
978
876
677
424
216
377
462
647
807
867
76
765
129
347
13
104
937
559
31
117
911
755
160
361
862
760
442
547
82
233
875
708
74
157
699
935
734
817
624
495
828
311
97
567
731
870
567
393
654
310
204
409
141
301
458
862
730
556
18
833
641
428
604
766
56
419
91
156
374
451
919
869
494
98
40
104
230
902
116
235
236
566
786
673
408
284
528
458
9
672
870
154
394
22
979
361
195
969
674
87
879
779
628
705
403
734
710
807
620
678
412
512
997
170
114
675
177
484
124
835
167
684
491
451
734
217
88
435
202
156
118
97
212
590
377
763
137
238
887
600
477
879
655
51
274
587
174
351
866
389
127
184
254
51
943
178
628
712
240
27
414
212
361
909
855
786
331
346
868
74
361
818
165
31
548
301
823
538
567
429
206
350
588
2
933
159
654
310
452
101
29
727
572
713
895
752
97
297
880
451
300
25
210
863
591
310
688
537
295
71
489
715
404
22
366
177
662
463
575
359
801
602
828
478
287
405
235
35
161
606
457
806
477
620
226
370
289
18
967
234
166
12
155
120
272
228
258
84
570
498
741
257
477
746
370
298
792
139
627
90
644
37
918
713
845
752
970
205
262
360
852
58
735
822
851
486
9
929
877
58
857
793
780
27
115
202
7
986
407
480
226
828
42
272
564
523
882
196
847
399
927
507
956
40
480
616
129
82
212
527
408
128
358
97
497
867
106
932
550
457
333
937
126
255
561
263
618
551
308
390
258
838
390
408
332
563
716
808
906
722
183
129
929
649
947
419
17
82
228
390
756
605
181
32
612
497
458
913
920
235
736
453
922
430
71
772
230
186
457
456
233
391
908
410
284
603
79
189
424
393
128
213
646
696
932
531
860
188
255
500
721
354
188
829
12
918
867
255
795
833
642
763
463
333
866
512
478
223
464
471
430
450
962
683
715
713
560
98
653
190
7
362
795
896
584
414
493
480
185
879
954
51
582
38
489
227
352
436
949
36
207
684
971
782
626
25
448
740
383
286
294
792
825
199
536
150
772
43
315
263
967
967
250
593
193
770
868
977
559
857
591
331
532
73
134
20
181
523
756
507
399
738
941
291
439
878
642
732
326
29
919
636
197
737
386
96
783
740
349
319
216
211
911
349
597
778
132
604
666
565
469
888
583
588
12
39
59
784
786
738
431
814
541
263
666
654
414
546
121
881
595
132
403
766
664
132
977
950
891
851
104
436
506
531
416
795
993
154
755
999
278
265
855
257
904
305
385
712
854
805
947
915
602
31
126
607
16
251
654
411
385
430
697
13
669
422
806
177
662
684
17
179
451
676
147
184
988
232
42
537
179
461
256
532
156
919
46
129
661
881
220
186
664
377
835
513
688
10
21
828
786
688
961
16
658
188
708
296
227
583
243
525
210
769
433
578
661
934
317
818
418
763
242
698
580
470
204
957
598
4
522
461
183
378
412
652
606
448
490
797
276
905
859
167
393
787
923
244
858
99
537
536
760
802
118
869
96
103
936
73
298
477
594
788
722
347
301
530
166
235
747
54
623
469
369
380
142
75
719
4
197
203
131
857
704
367
973
334
599
368
103
378
64
873
348
660
945
377
842
253
594
844
357
822
46
304
400
510
612
153
490
256
844
549
848
670
740
173
691
674
942
982
415
791
729
418
701
516
798
335
796
254
48
437
703
336
521
0
944
915
487
298
696
563
964
73
347
415
223
927
796
949
519
839
852
566
867
739
985
576
251
667
455
594
706
638
871
234
470
909
961
145
697
330
240
623
653
253
745
195
967
476
782
850
94
52
400
214
996
341
484
322
175
46
134
560
510
914
108
353
600
